433-437:1,2,3,10,11,12
738-738:1,2,3,4,6,7,8,9
762-762:10,11,12
1065-1070:9,10,11,12,13,14
1348-1351:6,7,8,9
1366-1368:6,7,8,9
1591-1602:5,6,7,8,9,10,11,12,13
1634-1638:6,7,8,9
1864-1868:6,7,8,9,10,11
1882-1882:10,11,12
2415-2418:6,7,8,9,11,12
2461-2461:9,10,11,12
2506-2506:6,7,8,9,10,11
2515-2515:6,7,8,9,10,11
2520-2520:6,7,8,9,10,11
2796-2808:5,6,7,8,9,10,11,12,13,14
3276-3277:10,11,12
3321-3322:10,11,12
3339-3345:6,7,8,9,10,11,12,13,14
3360-3362:6,7,8,9,11
3378-3378:6,7,8,9,11
3564-3564:3,4,10,11,12
3583-3584:10,11,12
3592-3592:10,11,12
3611-3611:10,11,12
3646-3646:10,11,12
3653-3657:6,7,8,9,11
3896-3898:10,11,12
4224-4239:0,1,2,3,4,5,6,7,8,9,10,11,12,13,14
4451-4454:10,11,12
4474-4474:10,11,12
4533-4537:6,7,8,9,11
4778-4796:0,1,2,3,4,5,6,7,8,9,10,11
5077-5081:6,7,8,9,10,11
5287-5289:6,7,8,9,11,12
5291-5291:9,11,12
5337-5337:9,10,11,12
5576-5576:9,10,11,12
5582-5582:9,10,11,12
5591-5591:9,10,11,12
5606-5606:9,10,11,12
5621-5621:9,10,11,12
5627-5627:9,10,11,12
5963-5981:6,7,8,9,10,11,12,13,14
6157-6161:9,10,11,12
6197-6200:9,10,11,12
6233-6254:0,1,2,3,4,5,6,7,8,9,10,11,12
6440-6449:0,1,2,3,4,5,9,10,12
6457-6457:9,10,11,12
6471-6491:0,1,2,3,4,5,9,10,11,12,13,14
6500-6500:9,10,11,12
6513-6515:6,7,8,9,11
6531-6545:0,1,2,3,4,5,6,7,8,9,12
6549-6563:0,1,2,3,4,5,6,7,8,9,11
6726-6730:10,11,12
6824-6825:6,7,8,9,11
7302-7302:9,10,11,12
7337-7337:10,11,12
7384-7414:0,1,2,3,4,5,6,7,8,9,10,11
7591-7592:6,7,8,9,11,12
7596-7598:6,7,8,9,12
7640-7640:9,10,12
7691-7691:6,7,8,9,11
7700-7707:6,7,8,9,11
7885-7886:10,11,12
7963-7963:6,7,8,9,12
7991-7995:0,1,2,3,6,7,8,9,11
8214-8216:9,10,11,12
8280-8291:0,1,2,6,7,8,9,11
8432-8451:0,1,2,3,6,7,8,11
8459-8461:0,1,2,3,9,10,11,12
8504-8508:9,10,11,12
8542-8553:0,1,2,3,4,5,6,7,8,9
8564-8571:6,7,8,9,12
8724-8737:4,5,6,7,10,12
8815-8821:8,9,10,11,12,13,14
8859-8860:12
