433-437:10,11,12
738-738:6,7,8,9,10,11,12
762-762:12
1065-1070:6,7,8,9,10,14
1348-1351:6,7,8,9
1366-1368:6,7,8,9
1591-1602:12
1634-1638:7,9,11
1864-1868:4,6,7,8,9,10,12
1882-1882:12
2415-2418:6,7,8,9,11,12
2461-2461:12
2506-2506:6,7,8,9,10,11
2515-2515:6,7,8,9,10,11
2520-2520:6,7,8,9,10,11
2796-2808:1,7,8,9,10,11,12,13,15
3276-3277:12
3321-3322:12
3339-3345:5,7,8,9,10,15
3360-3362:6,7,8,9,11
3378-3378:6,7,8,9,11
3564-3564:12
3583-3584:12
3592-3592:12
3611-3611:12
3646-3646:12
3653-3657:7,8,9,10,11,12,13
3896-3898:12
4224-4239:2,5,6,7,8,9,10,12,14
4451-4454:12
4474-4474:12
4533-4537:7,9
4778-4796:1,3,4,6,7,8,9,10,11,12,14,15
5077-5081:3,6
5287-5289:6,7,8,9,11,12
5291-5291:9,11,12
5337-5337:12
5576-5576:12
5582-5582:12
5591-5591:12
5606-5606:12
5621-5621:12
5627-5627:12
5963-5981:1,2,3,4,5,6,7,8,9,10,11,12,13,14,15
6157-6161:12
6197-6200:12
6233-6254:1,2,3,4,5,6,7,8,9,10,11,12,13,14,15
6440-6449:6,7,9,10,13
6457-6457:12
6471-6491:12
6500-6500:12
6513-6515:6,7,8,9,11
6531-6545:1,2,3,4,5,6,7,8,9,10
6549-6563:6,7,8,9,11
6726-6730:4,6,13
6824-6825:6,7,8,9,11
7302-7302:12
7337-7337:12
7384-7414:6,7,8,9,10,11
7591-7592:6,7,8,9,11,12
7596-7598:6,7,8,9,12
7640-7640:12
7691-7691:6,7,8,9,11
7700-7707:6,7,8,9,11
7885-7886:11,12
7963-7963:6,7,8,9,12
7991-7995:6,7,8,9,11,12
8214-8216:9,11,12
8280-8291:1,2,4,6,7,8,9,11
8432-8451:6,7,8,11
8459-8461:11,12
8504-8508:11,12
8542-8553:10,11,12
8564-8571:6,7,8,9,12
8724-8737:10,11,12
8815-8821:1,6,7,8,9,10,11,12,15
8859-8860:12
